motor_info:
  min_pwm: 0.6 # 1200 [ms]
  max_pwm: 0.975 # 1950 [ms]
  min_thrust: 0 #  [N]
  force_landing_thrust: 1.1 #[N]
  m_f_rate: -0.011
  pwm_conversion_mode: 0 # SQRT Mode
  vel_ref_num: 2
  ref1:
    voltage: 11
    max_thrust: 8 # N
    polynominal2: 0.016997207 # 0.0016997207 # x10
    polynominal1: -0.715646031 # -0.0715646031 # x10
    polynominal0: -1.5748406196 # -1.5748406196 # x1

  ref2:
    voltage: 12
    max_thrust: 9 # N
    polynominal2:  0.016041006 # 0.0016041006 # x10 
    polynominal1: -0.334605432 # -0.0334605432 # x10
    polynominal0: -3.4646704800 # -3.4646704800 # x1
  
